Time [min.]:	UV [A.U.]:	Conductivity [mS/cm]:			
0,000	0,3876	0,47			
0,017	0,3879	0,47			
0,033	0,3874	0,47			
0,050	0,3833	0,45			
0,067	0,3777	0,47			
0,083	0,3758	0,47			
0,100	0,3738	0,47			
0,117	0,3764	5,65			
0,133	0,3181	15,37			
0,150	0,2483	18,95			
0,167	0,2736	19,84			
0,183	0,2857	19,97			
0,200	0,1749	17,14			
0,217	0,1302	6,11			
0,233	0,0854	2,27			
0,250	0,0426	3,76			
0,267	0,0082	10,67			
0,283	-0,0309	19,87			
0,300	-0,0682	21,77			
0,317	-0,0891	22,12			
0,333	-0,0917	22,13			
0,350	-0,0986	22,10			
0,367	-0,1124	21,98			
0,383	-0,1282	21,85			
0,400	-0,1428	21,65			
0,417	-0,1581	21,51			
0,433	-0,1685	21,38			
0,450	-0,1756	21,21			
0,467	-0,1814	21,06			
0,483	-0,1866	20,88			
0,500	-0,1916	20,73			
0,517	-0,1968	20,58			
0,533	-0,2014	20,42			
0,550	-0,2052	20,20			
0,567	-0,2085	20,02			
0,583	-0,2115	19,90			
0,600	-0,2141	19,77			
0,617	-0,2163	19,62			
0,633	-0,2180	19,50			
0,650	-0,2190	19,38			
0,667	-0,2202	19,27			
0,683	-0,2213	19,15			
0,700	-0,2222	19,09			
0,717	-0,2226	18,99			
0,733	-0,2222	18,89			
0,750	-0,2209	18,80			
0,767	-0,2185	18,70			
0,783	-0,2157	18,62			
0,800	-0,2130	18,54			
0,817	-0,2109	18,45			
0,833	-0,2094	18,35			
0,850	-0,2088	18,27			
0,867	-0,2064	18,19			
0,883	-0,2031	18,10			
0,900	-0,2034	18,07			
0,917	-0,2110	18,02			
0,933	-0,2145	15,57			
0,950	-0,2175	15,33			
0,967	-0,2202	11,75			
0,983	-0,2224	11,00			
1,000	-0,2244	16,85			
1,017	-0,2258	17,48			
1,033	-0,2270	17,58			
1,050	-0,2278	17,55			
1,067	-0,2287	17,50			
1,083	-0,2292	17,45			
1,100	-0,2297	17,38			
1,117	-0,2297	17,30			
1,133	-0,2288	17,23			
1,150	-0,2272	17,24			
1,167	-0,2250	17,19			
1,183	-0,2226	17,14			
1,200	-0,2195	17,08			
1,217	-0,2159	17,01			
1,233	-0,2123	16,98			
1,250	-0,2093	16,93			
1,267	-0,2072	16,88			
1,283	-0,2063	16,81			
1,300	-0,2069	11,03			
1,317	-0,2085	12,93			
1,333	-0,2109	16,15			
1,350	-0,2139	16,57			
1,367	-0,2169	16,58			
1,383	-0,2196	16,55			
1,400	-0,2218	16,52			
1,417	-0,2236	16,45			
1,433	-0,2250	16,36			
1,450	-0,2259	16,31			
1,467	-0,2265	16,24			
1,483	-0,2269	16,19			
1,500	-0,2267	16,14			
1,517	-0,2248	16,07			
1,533	-0,2209	15,99			
1,550	-0,2151	15,92			
1,567	-0,2085	15,87			
1,583	-0,2032	15,80			
1,600	-0,2002	15,74			
1,617	-0,1993	15,70			
1,633	-0,2003	15,66			
1,650	-0,2030	15,61			
1,667	-0,2066	15,56			
1,683	-0,2101	15,49			
1,700	-0,2128	15,01			
1,717	-0,2147	9,02			
1,733	-0,2161	12,92			
1,750	-0,2173	14,86			
1,767	-0,2184	15,22			
1,783	-0,2194	15,22			
1,800	-0,2205	15,20			
1,817	-0,2217	15,17			
1,833	-0,2223	15,12			
1,850	-0,2226	15,08			
1,867	-0,2231	15,05			
1,883	-0,2239	15,01			
1,900	-0,2248	14,96			
1,917	-0,2255	14,93			
1,933	-0,2260	14,90			
1,950	-0,2264	14,86			
1,967	-0,2267	14,80			
1,983	-0,2268	14,75			
2,000	-0,2270	14,69			
2,017	-0,2271	14,66			
2,033	-0,2271	14,59			
2,050	-0,2272	14,54			
2,067	-0,2271	14,55			
2,083	-0,2268	14,50			
2,100	-0,2264	14,46			
2,117	-0,2260	14,41			
2,133	-0,2254	14,38			
2,150	-0,2246	14,31			
2,167	-0,2238	14,26			
2,183	-0,2230	14,23			
2,200	-0,2224	14,19			
2,217	-0,2221	14,12			
2,233	-0,2221	14,07			
2,250	-0,2223	14,04			
2,267	-0,2228	13,99			
2,283	-0,2233	13,94			
2,300	-0,2236	13,90			
2,317	-0,2239	13,87			
2,333	-0,2240	13,80			
2,350	-0,2240	13,75			
2,367	-0,2240	13,68			
2,383	-0,2240	13,63			
2,400	-0,2240	13,57			
2,417	-0,2240	13,52			
2,433	-0,2240	13,47			
2,450	-0,2241	13,42			
2,467	-0,2242	13,39			
2,483	-0,2244	13,34			
2,500	-0,2246	13,27			
2,517	-0,2246	13,22			
2,533	-0,2244	13,15			
2,550	-0,2238	13,10			
2,567	-0,2228	13,03			
2,583	-0,2217	13,01			
2,600	-0,2209	12,95			
2,617	-0,2204	12,84			
2,633	-0,2204	12,78			
2,650	-0,2206	12,73			
2,667	-0,2207	12,66			
2,683	-0,2209	12,62			
2,700	-0,2210	12,62			
2,717	-0,2213	12,54			
2,733	-0,2216	12,46			
2,750	-0,2219	12,42			
2,767	-0,2222	12,35			
2,783	-0,2225	12,29			
2,800	-0,2227	12,25			
2,817	-0,2227	12,25			
2,833	-0,2225	12,15			
2,850	-0,2218	12,03			
2,867	-0,2209	11,93			
2,883	-0,2198	11,88			
2,900	-0,2190	11,85			
2,917	-0,2186	11,78			
2,933	-0,2187	11,73			
2,950	-0,2188	11,66			
2,967	-0,2190	11,61			
2,983	-0,2191	11,58			
3,000	-0,2193	11,52			
3,017	-0,2196	11,47			
3,033	-0,2198	11,41			
3,050	-0,2198	11,32			
3,067	-0,2196	11,27			
3,083	-0,2190	11,22			
3,100	-0,2182	11,19			
3,117	-0,2173	11,14			
3,133	-0,2167	11,07			
3,150	-0,2164	11,00			
3,167	-0,2164	10,93			
3,183	-0,2164	10,88			
3,200	-0,2166	10,80			
3,217	-0,2167	10,73			
3,233	-0,2167	10,66			
3,250	-0,2163	10,59			
3,267	-0,2156	10,53			
3,283	-0,2149	10,46			
3,300	-0,2143	10,39			
3,317	-0,2140	10,32			
3,333	-0,2139	10,24			
3,350	-0,2138	10,17			
3,367	-0,2137	10,09			
3,383	-0,2132	10,04			
3,400	-0,2127	9,95			
3,417	-0,2122	9,87			
3,433	-0,2120	9,78			
3,450	-0,2118	9,68			
3,467	-0,2114	9,60			
3,483	-0,2110	9,49			
3,500	-0,2106	9,38			
3,517	-0,2104	9,26			
3,533	-0,2101	9,16			
3,550	-0,2096	9,04			
3,567	-0,2092	8,95			
3,583	-0,2090	8,87			
3,600	-0,2088	8,82			
3,617	-0,2084	8,77			
3,633	-0,2082	8,75			
3,650	-0,2080	8,70			
3,667	-0,2078	8,55			
3,683	-0,2077	8,39			
3,700	-0,2076	8,28			
3,717	-0,2075	8,16			
3,733	-0,2076	8,07			
3,750	-0,2077	7,97			
3,767	-0,2078	7,90			
3,783	-0,2080	7,89			
3,800	-0,2082	7,87			
3,817	-0,2087	7,80			
3,833	-0,2096	7,68			
3,850	-0,2110	7,55			
3,867	-0,2123	7,46			
3,883	-0,2133	7,38			
3,900	-0,2140	7,33			
3,917	-0,2147	7,28			
3,933	-0,2151	7,26			
3,950	-0,2153	7,24			
3,967	-0,2156	7,24			
3,983	-0,2159	7,19			
4,000	-0,2162	7,11			
4,017	-0,2164	7,07			
4,033	-0,2165	7,02			
4,050	-0,2166	7,01			
4,067	-0,2166	6,97			
4,083	-0,2167	6,94			
4,100	-0,2168	6,90			
4,117	-0,2168	6,90			
4,133	-0,2169	6,90			
4,150	-0,2169	6,90			
4,167	-0,2169	6,90			
4,183	-0,2169	6,90			
4,200	-0,2169	6,89			
4,217	-0,2169	6,87			
4,233	-0,2169	6,85			
4,250	-0,2170	6,84			
4,267	-0,2170	6,84			
4,283	-0,2170	6,82			
4,300	-0,2171	6,82			
4,317	-0,2171	6,84			
4,333	-0,2171	6,85			
4,350	-0,2171	6,87			
4,367	-0,2171	6,83			
4,383	-0,2171	6,79			
4,400	-0,2172	6,77			
4,417	-0,2172	6,77			
4,433	-0,2173	6,79			
4,450	-0,2174	6,79			
4,467	-0,2174	6,79			
4,483	-0,2174	6,76			
